0.000000000000000000e+00 8.149974369889090298e-02 1.784119630496381129e-02 7.848022959354163108e-02 -5.466915261631660923e-03 -4.244863679920952634e-03 -7.660585995338199151e-03 -3.638472068461005653e-04 -1.619971728867308520e-03 4.268895772600794303e-04
1.000000000000000056e-01 -1.840147168708511638e-01 -2.802261504683616067e-02 -2.607895263424981486e-02 -3.338517799914268724e-02 1.675421335901036007e-03 -1.189288222437168488e-02 -9.450659555477426352e-03 -6.043177988570846981e-03 -1.002927989925085986e-02
2.000000000000000111e-01 6.409094366286616218e-03 3.802485591963264411e-03 -8.387190388239186556e-02 -2.190303662935728229e-02 -1.626060832504970868e-02 -1.905578141987791102e-02 -1.520187677545806713e-02 -1.467163747126410712e-02 -1.607280442447923605e-02
3.000000000000000444e-01 -1.061136522698176154e-01 -5.549928706134513862e-02 -4.130418061265327123e-02 -3.398921995178325745e-02 -1.407690808574351728e-02 -1.698301772383145614e-02 -2.525503685094063200e-02 -2.184653353087268393e-02 -2.034169234815121421e-02
4.000000000000000222e-01 -3.680179437963651545e-02 -1.559388845466712012e-02 2.360827960390682670e-02 -1.268934107061523570e-02 -2.006188296717653641e-02 -1.460119019400695287e-02 -1.811876319161926860e-02 -1.911731833960295460e-02 -2.025606502642857826e-02
5.000000000000000000e-01 -1.652719232473167169e-02 -1.176886960695336104e-01 4.736380129540956885e-02 -4.773893073047340285e-02 -5.975297516351207525e-03 -2.023452605061102152e-02 -1.809050770669630090e-02 -2.131663320779850213e-02 -1.684828091398538064e-02
6.000000000000000888e-01 8.328306641754537609e-02 -1.432585387676934829e-01 -5.693865012196013681e-02 -6.284883916842795917e-03 -1.746184565195401869e-02 -1.152508030082830329e-02 -1.778940769791041016e-02 -1.772712016403314370e-02 -1.693115195170834600e-02
7.000000000000000666e-01 1.028870154212494226e-01 7.420446648449628008e-04 -9.119010864350386714e-03 -5.201403056213462633e-02 -1.977152102894331326e-02 -1.524114206347222319e-02 -1.291463976353670814e-02 -1.333274183026709504e-02 -1.118784513921071248e-02
8.000000000000000444e-01 2.093760766379868521e-01 5.384310721991684978e-02 -2.525628323535109368e-02 -1.492872319088996147e-02 -1.478866792602763144e-02 -9.991716574134612561e-03 -7.124466888548598720e-03 -3.160823091256750091e-03 -5.158449238145267242e-03
9.000000000000000222e-01 8.736076081253610348e-02 8.402401339200091246e-02 3.332768278061400830e-02 4.399542380222560417e-02 6.229787861342159574e-03 9.218514824913801031e-03 9.515780962161903694e-03 3.119203210693985776e-03 4.416648422554658379e-03
1.000000000000000000e+00 5.025484035265916083e-02 1.849674376538232648e-02 -5.967325816565727248e-03 2.668503639806053124e-02 1.640652830351140012e-02 2.850573368263402407e-02 2.003220778760493592e-02 1.692313667512861455e-02 1.589280004435694726e-02
1.100000000000000089e+00 5.557314050937352951e-02 2.343164347509957973e-02 4.992344698274352177e-02 5.688060418247319061e-02 2.158784031834888942e-02 2.065695502328298433e-02 3.194964590884001587e-02 2.528901317514811384e-02 2.825836637326605005e-02
1.200000000000000178e+00 1.571109086205319319e-02 9.801149571204262334e-02 5.416383154974336450e-02 6.862655414381874097e-02 4.165431406636697226e-02 5.279385862696683862e-02 3.858311027811918426e-02 4.210565682127567766e-02 4.025518218299950490e-02
1.300000000000000044e+00 1.756568068219397927e-01 -1.959696190913683134e-02 -2.875356903428855082e-03 7.470017195654926612e-02 5.337649771948402289e-02 5.246490295468559523e-02 6.039142699525946317e-02 5.499312433631876884e-02 5.560596445056587706e-02
1.400000000000000133e+00 -1.012509083073004357e-01 3.033643507257583610e-02 7.784542420341125646e-02 7.901456884313115547e-02 8.605261655327722803e-02 6.920574095534361148e-02 6.757245790225480109e-02 7.411944512441195898e-02 6.865042020351382057e-02
1.500000000000000000e+00 1.312521929786131247e-02 9.058245408133665244e-02 1.276016197416013909e-01 1.096423244237391681e-01 9.224574792509929178e-02 8.907567076578234988e-02 8.818574465313720745e-02 8.567191818888701682e-02 8.655145057736653158e-02
1.600000000000000089e+00 3.527289585853190523e-01 1.211323857514365332e-01 7.392559973464382650e-02 8.495043340609706450e-02 9.614164204954608883e-02 1.069904913987393125e-01 1.033569763213305764e-01 1.005496167464003943e-01 1.019305094036106335e-01
1.700000000000000178e+00 2.436828297407171717e-01 2.103676086580056059e-01 1.121005360903020026e-01 1.284443192182044557e-01 9.819448446061561364e-02 1.183101819649521463e-01 1.191353219200536190e-01 1.174735967705293066e-01 1.175728356741051889e-01
1.800000000000000044e+00 5.461927471302086001e-02 1.731422938329193750e-01 8.486808657667048450e-02 1.423459770554235670e-01 1.275629134912718565e-01 1.284745249126710009e-01 1.317533521014839226e-01 1.310763205166709244e-01 1.319895427727345860e-01
1.900000000000000133e+00 2.280320430738470849e-01 1.532990390372673817e-01 1.542247811102451516e-01 1.549532432634166124e-01 1.334245032981344614e-01 1.352300533489286249e-01 1.431394910592547198e-01 1.461446094018322983e-01 1.453237880231414147e-01
2.000000000000000000e+00 1.772442063447498550e-01 1.159428111318811239e-01 1.724356401291922414e-01 1.494436176892691426e-01 1.507481364082873254e-01 1.654267477753224580e-01 1.591608898811218697e-01 1.591811335510344150e-01 1.603189417928748972e-01
2.100000000000000089e+00 2.413323151638597508e-01 2.071657110216526265e-01 2.604027599583668695e-01 1.582532950430963481e-01 1.629612383648952889e-01 1.736342753522834292e-01 1.725334665418226665e-01 1.707588745856649659e-01 1.713401306469477803e-01
2.200000000000000178e+00 1.167032866922963763e-01 3.056787626855865803e-01 1.718552225745694217e-01 1.875739181470688632e-01 1.750372693563178594e-01 1.800236444172942096e-01 1.830611019711006759e-01 1.847844311437899234e-01 1.831617595326605064e-01
2.300000000000000266e+00 1.657717791487950398e-02 2.475366715973754128e-01 1.795288750908517472e-01 2.047651275345790112e-01 1.830102191064333084e-01 1.973718742797674064e-01 1.896303937125383143e-01 1.899307385569537765e-01 1.943942350697751842e-01
2.400000000000000355e+00 2.425834310047799147e-01 2.527626473743233571e-01 2.335662195019651277e-01 1.998614314539539361e-01 1.947673813387486019e-01 1.966457539194570725e-01 1.977810365674205484e-01 2.019730292199650168e-01 1.990739158095049532e-01
2.500000000000000000e+00 2.183892050552286301e-01 2.016776256314036786e-01 1.847518934938444657e-01 2.236741745725849828e-01 2.139205447141467320e-01 2.082228996683902489e-01 2.081082314091012575e-01 2.059820294510627259e-01 2.068805417486168918e-01
2.600000000000000089e+00 2.018877478500339107e-01 3.155584920625480461e-01 2.174366907617654998e-01 2.281022075632937463e-01 1.971284960537773023e-01 2.100875876343199500e-01 2.115883363065924339e-01 2.116446588092845416e-01 2.084296533065960189e-01
2.700000000000000178e+00 3.890260078453401382e-01 1.936676582353365483e-01 2.406067005930682401e-01 2.186165798091399548e-01 2.095562238220436413e-01 2.044292734788857591e-01 2.106350736097163667e-01 2.098150128257661451e-01 2.084189584560067199e-01
2.800000000000000266e+00 2.299790437772500085e-01 1.461243026376174703e-01 2.474578999328037598e-01 2.440767264375804102e-01 2.226918465145761028e-01 2.057208351006019342e-01 2.036568599125941625e-01 2.064409551795044762e-01 2.078784744852907596e-01
2.900000000000000355e+00 2.408036174386426476e-01 1.694678920686872037e-01 1.826061786158779121e-01 2.263496244012535297e-01 1.876781032657593995e-01 1.956113139250031385e-01 2.019509196383460214e-01 2.036724904823809246e-01 2.043699402528990350e-01
3.000000000000000000e+00 2.567794857480941717e-01 2.798100445359487098e-01 1.652724118266722664e-01 2.155567555930725798e-01 2.060144698498452553e-01 1.951287824903872314e-01 1.936199112138568268e-01 1.940497079635919997e-01 1.960010387232397067e-01
3.100000000000000089e+00 1.843640255022841457e-01 2.491586467785402714e-01 1.583875785856213581e-01 1.937380223658163869e-01 1.859643226384039283e-01 1.811277970935193937e-01 1.838815104289020508e-01 1.845068255686666825e-01 1.839951894751749584e-01
3.200000000000000178e+00 2.740762203899989591e-01 8.634540380042263208e-02 1.549043966679025941e-01 1.512807668565473163e-01 1.809001115601220622e-01 1.754846640783006562e-01 1.690264377457311451e-01 1.737249764624003989e-01 1.738650289979862540e-01
3.300000000000000266e+00 2.773359798691548139e-01 1.639136980596327675e-01 1.635734080311625760e-01 1.399739017487179604e-01 1.562116744196902773e-01 1.543333081402064877e-01 1.534328410622036731e-01 1.555353032749399733e-01 1.556132893066118073e-01
3.400000000000000355e+00 2.308377098528496818e-01 8.960726907651937745e-02 1.411251789200520523e-01 1.220389893416142374e-01 1.488495344230790496e-01 1.369287854651042580e-01 1.345153228764697506e-01 1.388621060011694386e-01 1.364812098321662726e-01
3.500000000000000000e+00 2.135971385628815666e-01 5.230241343606382987e-02 9.423351098892847333e-02 1.159560102369964069e-01 1.080964791958312493e-01 1.102979272567780056e-01 1.155266416137326890e-01 1.144247628990345128e-01 1.140769139889715178e-01
3.600000000000000089e+00 6.599621476533389097e-02 -1.205664625413077617e-03 1.597047082975535104e-01 1.109669927544022494e-01 9.459635249253241229e-02 9.202772206662049315e-02 8.623921760914494972e-02 8.656546071518653185e-02 9.040932537112204848e-02
3.700000000000000178e+00 3.130645528113573661e-02 6.492214027464558723e-02 5.710723835842955454e-02 3.981233557552887881e-02 6.307112515475718495e-02 6.406168269986664554e-02 6.511447103933225289e-02 6.140785084845498676e-02 6.231384162940929727e-02
3.800000000000000266e+00 -1.676825203765615613e-01 1.430327827620770167e-02 -4.985636125932946250e-03 3.407695945955294820e-02 2.564251316817191262e-02 3.221134894677332022e-02 2.568680838683529838e-02 3.102003013867288619e-02 3.063596685512588388e-02
3.900000000000000355e+00 1.594667012243546067e-02 -1.797224310636903050e-02 4.877493896123757770e-04 -3.785054855396580847e-02 -9.555503172063764192e-03 -3.048464456619492946e-03 -2.130593803898331653e-03 -6.340062768070290136e-05 -3.163227898679238891e-03
4.000000000000000000e+00 -9.747470615575147546e-03 -5.583027760733771244e-02 -9.527257627401944373e-02 -1.039356713754622033e-02 -3.986176830961863510e-02 -2.065735991751734002e-02 -3.782205764469358938e-02 -3.923673809722357658e-02 -3.872980184199817377e-02
4.100000000000000533e+00 -4.971079194272103735e-02 -3.658146045932225698e-02 -8.297493088336849176e-02 -9.331351243978250332e-02 -7.147116496069209901e-02 -7.282257042487999543e-02 -7.705284189807359851e-02 -7.600059808346482093e-02 -7.401497310664946483e-02
4.200000000000000178e+00 -6.778897687789886550e-03 -1.451989191643134058e-01 -7.160990543611847614e-02 -1.270829254572788392e-01 -1.105003895321800544e-01 -1.175684773730821947e-01 -1.178289156262183335e-01 -1.158489685508346800e-01 -1.154216111770929309e-01
4.299999999999999822e+00 -7.536288557291917489e-02 -1.898346524705501193e-01 -1.632618364278466960e-01 -1.526636243078798860e-01 -1.555105722170586069e-01 -1.502424097202793574e-01 -1.575008754137232625e-01 -1.551907568053010056e-01 -1.568464987681078560e-01
4.400000000000000355e+00 -1.490130928363314899e-01 -2.915415667312538650e-01 -2.080615337376683360e-01 -2.004112043662276965e-01 -2.038969700185349065e-01 -2.030593279832735298e-01 -1.998943564945906415e-01 -1.989253804507216117e-01 -1.979259226856805998e-01
4.500000000000000000e+00 -2.337121538776496532e-01 -1.856377824786054620e-01 -2.603994559067440706e-01 -2.606995310458106174e-01 -2.272172525486558237e-01 -2.429858177988953316e-01 -2.430251425013473521e-01 -2.447554047585546178e-01 -2.438338796562664890e-01
4.600000000000000533e+00 -3.631598275956886002e-01 -2.345243924192330076e-01 -2.760725449858165148e-01 -2.893278295529475574e-01 -2.801674203028236554e-01 -2.909051054976438122e-01 -2.871249525226569066e-01 -2.884756842891414430e-01 -2.896917341145993086e-01
4.700000000000000178e+00 -2.218205836472555426e-01 -3.367238855214222948e-01 -3.580743522384835509e-01 -3.453570464907263493e-01 -3.334444496240769329e-01 -3.473214461490888305e-01 -3.319124244633241405e-01 -3.349488179890067197e-01 -3.356616653632714109e-01
4.800000000000000711e+00 -4.479161386739160533e-01 -4.194597384296478992e-01 -3.739144280400116260e-01 -3.545156396139105826e-01 -3.635005098740520801e-01 -3.865419572630813261e-01 -3.770665887365225455e-01 -3.845930878171267553e-01 -3.816547165629828320e-01
4.900000000000000355e+00 -4.127595434583858358e-01 -4.451148113391896755e-01 -4.770150856812401252e-01 -4.219561982269683376e-01 -4.191636563452875164e-01 -4.258690714854653780e-01 -4.355270765487150864e-01 -4.267902657318579651e-01 -4.289397690104611582e-01
5.000000000000000000e+00 -4.055900261087888037e-01 -4.440643688154057300e-01 -5.000880746564384527e-01 -4.966280023719689130e-01 -4.768135798578246320e-01 -4.677227316595409246e-01 -4.811990026705174617e-01 -4.790233698296160192e-01 -4.756781959729069476e-01
5.100000000000000533e+00 -5.865001031162009326e-01 -6.028990849398743190e-01 -5.050181531177455607e-01 -5.351867877558397213e-01 -5.282078964635612550e-01 -5.275561785282116833e-01 -5.164673063092390937e-01 -5.209192202562241691e-01 -5.216202639059696056e-01
5.200000000000000178e+00 -6.125838104210024060e-01 -5.335101156986143955e-01 -5.775482036755749116e-01 -5.537766664570741293e-01 -5.656665007497250208e-01 -5.634627385426190793e-01 -5.684534248729063988e-01 -5.703276036478870381e-01 -5.703372873443688373e-01
5.300000000000000711e+00 -6.782300484915797512e-01 -6.787397870403659716e-01 -5.737870402645618428e-01 -6.200841508676223635e-01 -5.913293797123676532e-01 -6.169937416284552167e-01 -6.121327253395538737e-01 -6.133291593563051647e-01 -6.143768267477909273e-01
5.400000000000000355e+00 -4.686934811252260191e-01 -6.722533048371390763e-01 -7.022562132394899459e-01 -6.785517501956309649e-01 -6.682399391320341664e-01 -6.581432655525084607e-01 -6.622328409659217208e-01 -6.585516743343885482e-01 -6.579972154176775279e-01
5.500000000000000000e+00 -6.085924996323212044e-01 -7.144067537517032607e-01 -6.776844850023394651e-01 -6.661339427918672174e-01 -7.031934003293882629e-01 -7.019909606199236096e-01 -7.025118005542351218e-01 -7.015499229295731887e-01 -6.997509489055709908e-01
5.600000000000000533e+00 -6.573481114193999719e-01 -7.347835765526191665e-01 -6.503118704543711104e-01 -7.372911115009660454e-01 -7.397836577431022853e-01 -7.495110939481888224e-01 -7.426223206726103587e-01 -7.436120802809452757e-01 -7.425698500585747874e-01
5.700000000000000178e+00 -6.784261547188581432e-01 -9.018363717238695454e-01 -7.826432118899392387e-01 -7.881341624905436882e-01 -7.903460876658892076e-01 -7.795106075405708879e-01 -7.821320036975040191e-01 -7.802473458134230322e-01 -7.827103837078465132e-01
5.800000000000000711e+00 -6.341580436625039452e-01 -7.949948498988763657e-01 -8.136096369176529786e-01 -8.313444096906765779e-01 -8.241152189167959552e-01 -8.212102642297788302e-01 -8.213856708501783288e-01 -8.193380666627056996e-01 -8.177519365576124688e-01
5.900000000000000355e+00 -9.302887930862362431e-01 -9.182125706751218530e-01 -8.349609717256474273e-01 -8.354078005660671158e-01 -8.664959397918604589e-01 -8.483988710941713363e-01 -8.503155561891746483e-01 -8.524931821333922022e-01 -8.533461801688825288e-01
6.000000000000000000e+00 -9.524497995481390200e-01 -8.851438911517448549e-01 -8.654544644905289852e-01 -8.939630188394044330e-01 -8.789683438396802551e-01 -8.794861081428222427e-01 -8.796933068456938010e-01 -8.858478812540655500e-01 -8.858422577471147807e-01
6.100000000000000533e+00 -9.062431602398737240e-01 -9.045707433408044507e-01 -8.844543066314421997e-01 -9.094608820857953413e-01 -9.307191403886398984e-01 -9.176877025339482685e-01 -9.199432672687366530e-01 -9.171984590661834691e-01 -9.146194518783649086e-01
6.200000000000000178e+00 -9.370214510937125985e-01 -9.802961363822149110e-01 -8.755372750411873906e-01 -9.183989376390098158e-01 -9.255905858109122475e-01 -9.404643881662668736e-01 -9.391835301731161767e-01 -9.408683948818229448e-01 -9.435024613498093071e-01
6.300000000000000711e+00 -9.126089779891591869e-01 -9.892606604118112656e-01 -1.069349599528082173e+00 -9.658756136248932700e-01 -9.709797768859880218e-01 -9.614749112735423431e-01 -9.672737314179515877e-01 -9.651196187300719043e-01 -9.652532760144711954e-01
6.400000000000000355e+00 -1.042017081159128722e+00 -8.495170723754826847e-01 -9.674500995274637472e-01 -9.702467418748806915e-01 -9.957132737379487120e-01 -9.933063241597923643e-01 -9.865333986705155933e-01 -9.873320819044919538e-01 -9.869808619428628305e-01
6.500000000000000000e+00 -1.221032482093377336e+00 -9.910132074892048504e-01 -9.619952747843533158e-01 -9.915707225852247175e-01 -1.014886268265507763e+00 -1.004106472708758524e+00 -1.007288788758247344e+00 -1.002119537255430570e+00 -1.006613105022551080e+00
6.600000000000000533e+00 -1.074124321258382864e+00 -1.120427673278122871e+00 -1.005122471003626172e+00 -1.033767494662386266e+00 -1.010304925189425163e+00 -1.020709604236196277e+00 -1.020782003113775094e+00 -1.022544106894556659e+00 -1.019224619285264088e+00
6.700000000000000178e+00 -9.777633589274467019e-01 -1.032644914745374454e+00 -1.045220785722269508e+00 -1.065077514698504091e+00 -1.024508670569822089e+00 -1.023775656039280557e+00 -1.034476995168496227e+00 -1.031393757707040892e+00 -1.033170362217163296e+00
6.800000000000000711e+00 -9.032020171071921677e-01 -1.127929583154086535e+00 -1.095525669476915542e+00 -1.041459896520962491e+00 -1.043568786900090029e+00 -1.052009079213490850e+00 -1.041652964897945788e+00 -1.042235628566659633e+00 -1.040891338820400414e+00
6.900000000000000355e+00 -1.038360866420838580e+00 -1.069373266179190152e+00 -1.079256447338811320e+00 -1.047060810436776235e+00 -1.048779692955887688e+00 -1.049042064108955286e+00 -1.046524181459568048e+00 -1.048626331728938821e+00 -1.049835585564205642e+00
7.000000000000000000e+00 -1.008273295384676693e+00 -1.047376019549085768e+00 -1.038107903510785412e+00 -1.050943852684807833e+00 -1.055009196013881878e+00 -1.041452196408317210e+00 -1.050161040361454967e+00 -1.049843041928312681e+00 -1.051454374759339006e+00
7.100000000000000533e+00 -1.158521004553723754e+00 -1.129704715675035720e+00 -1.014469130116290918e+00 -1.070325686805560395e+00 -1.055792725887728434e+00 -1.046053896944217687e+00 -1.050354576202689350e+00 -1.051942195252924428e+00 -1.051323224696623093e+00
7.200000000000000178e+00 -9.846753933035994333e-01 -1.064975874204469708e+00 -1.081584341740591038e+00 -1.065982035012305484e+00 -1.038959576758020864e+00 -1.050305896611166467e+00 -1.049850079792229440e+00 -1.049566736346076112e+00 -1.048993898489556376e+00
7.300000000000000711e+00 -1.004321108742970425e+00 -1.020118928019456916e+00 -1.012142547172570461e+00 -1.086764082353465444e+00 -1.067850884309110571e+00 -1.045833783242732906e+00 -1.039241500031016896e+00 -1.045295251684990712e+00 -1.047212856702854911e+00
7.400000000000000355e+00 -9.791027132083256479e-01 -1.026677549855808724e+00 -9.540067992191106905e-01 -1.043050903273130769e+00 -1.029323933336864449e+00 -1.037168003989994869e+00 -1.037626888076997878e+00 -1.037627437587920420e+00 -1.038107223377797483e+00
7.500000000000000000e+00 -9.198925769287662479e-01 -1.006031298376083516e+00 -1.039382839118303758e+00 -1.011409531398690609e+00 -1.030449361878455594e+00 -1.025501488470381917e+00 -1.026854609340620783e+00 -1.028369446203993842e+00 -1.027743868187669163e+00
7.600000000000000533e+00 -1.015500202819708209e+00 -1.083254370068729155e+00 -1.017869336957653248e+00 -1.018654355576105841e+00 -1.013993125049044597e+00 -1.017733831390242427e+00 -1.017110677471130487e+00 -1.016028622416788707e+00 -1.018455176025898190e+00
7.700000000000000178e+00 -8.868525758095533451e-01 -1.026177703902445781e+00 -1.020753464244647635e+00 -1.005330537698087889e+00 -1.017160569278313664e+00 -1.004608271827283517e+00 -1.007894085156416653e+00 -1.006802045862284389e+00 -1.006072683913258992e+00
7.800000000000000711e+00 -1.094266157445075827e+00 -9.247257378060212973e-01 -9.973539852783569470e-01 -9.871697735627914527e-01 -9.742304814425848392e-01 -9.872574501665203339e-01 -9.914735943026878884e-01 -9.924521531667747087e-01 -9.914508489291168347e-01
7.900000000000000355e+00 -8.587819474169249290e-01 -8.879005608228188740e-01 -9.334482774767282054e-01 -9.686484139767975732e-01 -9.877423468357806602e-01 -9.743592631846432761e-01 -9.742843251313751951e-01 -9.728723077971261901e-01 -9.745511703469867948e-01
8.000000000000000000e+00 -8.530709947767531887e-01 -1.074077477827680038e+00 -9.518553009445230861e-01 -9.790888913554832707e-01 -9.365335987734677570e-01 -9.531075569894453814e-01 -9.617766908775792212e-01 -9.579376203945493273e-01 -9.584299821051284196e-01
8.099999999999999645e+00 -1.110640249024331672e+00 -9.972511344303536251e-01 -9.377119580167326829e-01 -9.571025018477582469e-01 -9.581956355076687304e-01 -9.374514656754073805e-01 -9.458938265201243256e-01 -9.421535102793477945e-01 -9.412663836960091235e-01
8.200000000000001066e+00 -8.898600458717147443e-01 -1.028892974924120240e+00 -9.084320883036847150e-01 -8.986070368056409130e-01 -9.334076615761665030e-01 -9.247314184088597511e-01 -9.255157733876001602e-01 -9.238242550062114589e-01 -9.226216444087682600e-01
8.300000000000000711e+00 -1.005577211427266748e+00 -9.389405867160989239e-01 -9.175559871424874281e-01 -9.260537806516722092e-01 -9.081381177617348088e-01 -9.084319457431778710e-01 -9.005992783522892564e-01 -9.041313822200021111e-01 -9.049877072503409448e-01
8.400000000000000355e+00 -7.908995984917985833e-01 -8.120485717884926569e-01 -8.903515308177352150e-01 -8.787900374153507776e-01 -8.859152764358115828e-01 -8.841602752753112693e-01 -8.804616216143805740e-01 -8.880777472340712908e-01 -8.873269326031072435e-01
8.500000000000000000e+00 -1.110818429908105198e+00 -8.469476928215200484e-01 -9.098129466693146705e-01 -8.511604212378308665e-01 -8.575933896627427888e-01 -8.764727419451652235e-01 -8.683783423891744402e-01 -8.681785199310190215e-01 -8.675103983961861553e-01
8.599999999999999645e+00 -8.862325031533043740e-01 -8.819388629192677076e-01 -8.590306814316333028e-01 -8.446104964820011496e-01 -8.423798478304000970e-01 -8.436885988040099260e-01 -8.535902352025966922e-01 -8.534068188812193867e-01 -8.494874526237836676e-01
8.700000000000001066e+00 -8.729847795290704981e-01 -8.249630156184035723e-01 -8.541614858488540962e-01 -8.410754827947827250e-01 -8.360158717838401810e-01 -8.398713948671790996e-01 -8.340085142399292772e-01 -8.336397996362595597e-01 -8.349898066194713087e-01
8.800000000000000711e+00 -7.167980331956924633e-01 -8.842476437912369924e-01 -8.506116664891821832e-01 -8.189636191741275217e-01 -8.141872227227859860e-01 -8.054118702490505877e-01 -8.259689207204453654e-01 -8.199945056563192614e-01 -8.199019556840630996e-01
8.900000000000000355e+00 -6.676593789196598738e-01 -7.989226251002889967e-01 -8.046721160865564215e-01 -7.985874382704809538e-01 -8.064482834578041714e-01 -8.058318534908428532e-01 -8.069067220897870873e-01 -8.041293401468151414e-01 -8.049085836190713605e-01
9.000000000000000000e+00 -7.350439119451450676e-01 -8.857708042068204168e-01 -8.292385228223182470e-01 -8.006041323842997270e-01 -8.094117932034584628e-01 -7.995414570084817818e-01 -7.914104009322652233e-01 -7.928233067205016082e-01 -7.927201115860290637e-01
9.099999999999999645e+00 -6.507985338400726905e-01 -8.854252620105502736e-01 -7.673998903192934540e-01 -7.740320901040248502e-01 -7.793188409917092274e-01 -7.842244533024030906e-01 -7.820781780688533802e-01 -7.821459275272630851e-01 -7.833692963641145646e-01
9.200000000000001066e+00 -6.467659401418386356e-01 -8.174576379184014252e-01 -7.654799591164000994e-01 -7.854818796380028667e-01 -7.843292492320069753e-01 -7.739822979183922369e-01 -7.744913736476685129e-01 -7.737304702829953529e-01 -7.708474694001147265e-01
9.300000000000000711e+00 -6.983439246085665353e-01 -6.956716498520000291e-01 -8.230331408592426179e-01 -7.510904244610260294e-01 -7.607725296580941654e-01 -7.676093624738569154e-01 -7.644428630912387668e-01 -7.648696233308378556e-01 -7.666953180885938135e-01
9.400000000000000355e+00 -6.716140076182623986e-01 -8.350679750139682334e-01 -7.088220139993021141e-01 -7.556759056555459875e-01 -7.664943498800458332e-01 -7.661823122445315937e-01 -7.618951051430413735e-01 -7.597321492797197706e-01 -7.602826527511458155e-01
9.500000000000000000e+00 -8.112296818718774949e-01 -8.470163825761878318e-01 -7.467154990790949576e-01 -7.419395039770096956e-01 -7.548291842195180568e-01 -7.591098777138974851e-01 -7.613932229783636485e-01 -7.565120714639030908e-01 -7.578145250203005556e-01
9.600000000000001421e+00 -7.281766924618580106e-01 -7.205193942848355793e-01 -7.338265414175104695e-01 -7.260163513080606368e-01 -7.583670847121286585e-01 -7.591581029377009182e-01 -7.541149818090683299e-01 -7.557629008733179887e-01 -7.585657213314569436e-01
9.700000000000001066e+00 -7.157348505393763549e-01 -7.601988284847648325e-01 -7.624534604411319361e-01 -7.485172767140338967e-01 -7.595559652518761862e-01 -7.551699867341271633e-01 -7.534538810835424982e-01 -7.602700851158783468e-01 -7.610819214018267331e-01
9.800000000000000711e+00 -7.140019181338682630e-01 -7.187094347328288890e-01 -7.392114088862168364e-01 -7.801692735781717847e-01 -7.644143542949041192e-01 -7.727098139664443366e-01 -7.641496770103028968e-01 -7.681352108575985049e-01 -7.661025805925414378e-01
9.900000000000000355e+00 -6.545285831366411955e-01 -7.850470762873322794e-01 -8.216421734983940794e-01 -7.558603982486726824e-01 -7.805284953688342853e-01 -7.728248927475694918e-01 -7.727511891569219804e-01 -7.718303934363752727e-01 -7.724685408567489864e-01
1.000000000000000000e+01 -9.091711423018754568e-01 -7.664207537123587377e-01 -7.382674832647234675e-01 -8.115333917430851418e-01 -7.751896307928802798e-01 -7.742545085546800321e-01 -7.816679310317378171e-01 -7.822521566521691838e-01 -7.832467931025887120e-01
